1	1	1	1	1	1	1	1	1	1	1	1	1	1	1	1	1	1	1	1	1	1	1	1	1	1	1	1	1	1	1	1	1	1	1	1	1	1	1	1	1	1	1	1	1	1	1	1	1	1	1	1	1	1	1	1	1	1	1	1	1	1	1	1	1	1	1	1	1	1	1	1	1	1	1	1	1	1	1	1	1	1	1	1	1	1	1	1	1	1	1	1	1	1	1	1	1	1	1	1	1	1	1	1	1	1	1	1	1	1	1	1	1	1	1	1	1	1	1	1	1	1	1	1	1	1	1	1	1	1	1	1	1	1	1	1	1	1	1	1	1	1	1	1	1	1	1	1	1	1	1	1	1	1	1	1	1	1	1	1	1	1	1	1	1	1	1	1	1	1	1	1	1	1	1	1	1	1	1	1	1	1	1	1	1	1	1	1	1	1	1	1	1	1	1	1	1	1	1	1	1	1	1	1	1	1	1	1	1	1	1	1	1	1	1	1	1	1	1	1	1	1	1	1	1	1	1	1	1	1	1	1	1	1	1	1	1	1	1	1	1	1	1	1	1	1	1	1	1	1	1	1	1	1	1	1
1	2	3	4	5	6	7	8	9	10	11	12	13	14	15	16	17	18	19	20	21	22	23	24	25	26	27	28	29	30	31	32	33	34	35	36	37	38	39	40	41	42	43	44	45	46	47	48	49	50	51	52	53	54	55	56	57	58	59	60	61	62	63	64	65	66	67	68	69	70	71	72	73	74	75	76	77	78	79	80	81	82	83	84	85	86	87	88	89	90	91	92	93	94	95	96	97	98	99	100	101	102	103	104	105	106	107	108	109	110	111	112	113	114	115	116	117	118	119	120	121	122	123	124	125	126	127	128	129	130	131	132	133	134	135	136	137	138	139	140	141	142	143	144	145	146	147	148	149	150	151	152	153	154	155	156	157	158	159	160	161	162	163	164	165	166	167	168	169	170	171	172	173	174	175	176	177	178	179	180	181	182	183	184	185	186	187	188	189	190	191	192	193	194	195	196	197	198	199	200	201	202	203	204	205	206	207	208	209	210	211	212	213	214	215	216	217	218	219	220	221	222	223	224	225	226	227	228	229	230	231	232	233	234	235	236	237	238	239	240	241	242	243	244	245	246	247	248	249	250	251	252	253	254	255	256
1	3	5	7	9	11	13	15	17	19	21	23	25	27	29	31	33	35	37	39	41	43	45	47	49	51	53	55	57	59	61	63	65	67	69	71	73	75	77	79	81	83	85	87	89	91	93	95	97	99	101	103	105	107	109	111	113	115	117	119	121	123	125	127	129	131	133	135	137	139	141	143	145	147	149	151	153	155	157	159	161	163	165	167	169	171	173	175	177	179	181	183	185	187	189	191	193	195	197	199	201	203	205	207	209	211	213	215	217	219	221	223	225	227	229	231	233	235	237	239	241	243	245	247	249	251	253	255	30	32	26	28	22	24	18	20	14	16	10	12	6	8	2	4	62	64	58	60	54	56	50	52	46	48	42	44	38	40	34	36	94	96	90	92	86	88	82	84	78	80	74	76	70	72	66	68	126	128	122	124	118	120	114	116	110	112	106	108	102	104	98	100	158	160	154	156	150	152	146	148	142	144	138	140	134	136	130	132	190	192	186	188	182	184	178	180	174	176	170	172	166	168	162	164	222	224	218	220	214	216	210	212	206	208	202	204	198	200	194	196	254	256	250	252	246	248	242	244	238	240	234	236	230	232	226	228
1	4	7	6	13	16	11	10	25	28	31	30	21	24	19	18	49	52	55	54	61	64	59	58	41	44	47	46	37	40	35	34	97	100	103	102	109	112	107	106	121	124	127	126	117	120	115	114	81	84	87	86	93	96	91	90	73	76	79	78	69	72	67	66	193	196	199	198	205	208	203	202	217	220	223	222	213	216	211	210	241	244	247	246	253	256	251	250	233	236	239	238	229	232	227	226	161	164	167	166	173	176	171	170	185	188	191	190	181	184	179	178	145	148	151	150	157	160	155	154	137	140	143	142	133	136	131	130	158	159	156	153	146	147	152	149	134	135	132	129	138	139	144	141	174	175	172	169	162	163	168	165	182	183	180	177	186	187	192	189	254	255	252	249	242	243	248	245	230	231	228	225	234	235	240	237	206	207	204	201	194	195	200	197	214	215	212	209	218	219	224	221	94	95	92	89	82	83	88	85	70	71	68	65	74	75	80	77	110	111	108	105	98	99	104	101	118	119	116	113	122	123	128	125	62	63	60	57	50	51	56	53	38	39	36	33	42	43	48	45	14	15	12	9	2	3	8	5	22	23	20	17	26	27	32	29
1	5	9	13	17	21	25	29	33	37	41	45	49	53	57	61	65	69	73	77	81	85	89	93	97	101	105	109	113	117	121	125	129	133	137	141	145	149	153	157	161	165	169	173	177	181	185	189	193	197	201	205	209	213	217	221	225	229	233	237	241	245	249	253	30	26	22	18	14	10	6	2	62	58	54	50	46	42	38	34	94	90	86	82	78	74	70	66	126	122	118	114	110	106	102	98	158	154	150	146	142	138	134	130	190	186	182	178	174	170	166	162	222	218	214	210	206	202	198	194	254	250	246	242	238	234	230	226	59	63	51	55	43	47	35	39	27	31	19	23	11	15	3	7	123	127	115	119	107	111	99	103	91	95	83	87	75	79	67	71	187	191	179	183	171	175	163	167	155	159	147	151	139	143	131	135	251	255	243	247	235	239	227	231	219	223	211	215	203	207	195	199	40	36	48	44	56	52	64	60	8	4	16	12	24	20	32	28	104	100	112	108	120	116	128	124	72	68	80	76	88	84	96	92	168	164	176	172	184	180	192	188	136	132	144	140	152	148	160	156	232	228	240	236	248	244	256	252	200	196	208	204	216	212	224	220
1	6	11	16	21	18	31	28	41	46	35	40	61	58	55	52	81	86	91	96	69	66	79	76	121	126	115	120	109	106	103	100	161	166	171	176	181	178	191	188	137	142	131	136	157	154	151	148	241	246	251	256	229	226	239	236	217	222	211	216	205	202	199	196	94	89	88	83	74	77	68	71	118	113	128	123	98	101	108	111	14	9	8	3	26	29	20	23	38	33	48	43	50	53	60	63	254	249	248	243	234	237	228	231	214	209	224	219	194	197	204	207	174	169	168	163	186	189	180	183	134	129	144	139	146	149	156	159	187	192	177	182	175	172	165	162	147	152	153	158	135	132	141	138	235	240	225	230	255	252	245	242	195	200	201	206	215	212	221	218	27	32	17	22	15	12	5	2	51	56	57	62	39	36	45	42	75	80	65	70	95	92	85	82	99	104	105	110	119	116	125	122	232	227	238	233	244	247	250	253	208	203	198	193	220	223	210	213	184	179	190	185	164	167	170	173	160	155	150	145	140	143	130	133	72	67	78	73	84	87	90	93	112	107	102	97	124	127	114	117	24	19	30	25	4	7	10	13	64	59	54	49	44	47	34	37
1	7	13	11	25	31	21	19	49	55	61	59	41	47	37	35	97	103	109	107	121	127	117	115	81	87	93	91	73	79	69	67	193	199	205	203	217	223	213	211	241	247	253	251	233	239	229	227	161	167	173	171	185	191	181	179	145	151	157	155	137	143	133	131	158	156	146	152	134	132	138	144	174	172	162	168	182	180	186	192	254	252	242	248	230	228	234	240	206	204	194	200	214	212	218	224	94	92	82	88	70	68	74	80	110	108	98	104	118	116	122	128	62	60	50	56	38	36	42	48	14	12	2	8	22	20	26	32	40	34	44	46	64	58	52	54	24	18	28	30	16	10	4	6	72	66	76	78	96	90	84	86	120	114	124	126	112	106	100	102	232	226	236	238	256	250	244	246	216	210	220	222	208	202	196	198	136	130	140	142	160	154	148	150	184	178	188	190	176	170	164	166	187	189	183	177	163	165	175	169	139	141	135	129	147	149	159	153	219	221	215	209	195	197	207	201	235	237	231	225	243	245	255	249	123	125	119	113	99	101	111	105	75	77	71	65	83	85	95	89	27	29	23	17	3	5	15	9	43	45	39	33	51	53	63	57
1	8	15	10	29	28	19	22	57	64	55	50	37	36	43	46	113	120	127	122	109	108	99	102	73	80	71	66	85	84	91	94	225	232	239	234	253	252	243	246	217	224	215	210	197	196	203	206	145	152	159	154	141	140	131	134	169	176	167	162	181	180	187	190	222	219	212	213	194	199	208	201	230	227	236	237	250	255	248	241	174	171	164	165	178	183	192	185	150	147	156	157	138	143	136	129	62	59	52	53	34	39	48	41	6	3	12	13	26	31	24	17	78	75	68	69	82	87	96	89	118	115	124	125	106	111	104	97	168	161	170	175	188	189	182	179	160	153	146	151	132	133	142	139	216	209	218	223	204	205	198	195	240	233	226	231	244	245	254	251	72	65	74	79	92	93	86	83	128	121	114	119	100	101	110	107	56	49	58	63	44	45	38	35	16	9	2	7	20	21	30	27	123	126	117	116	103	98	105	112	67	70	77	76	95	90	81	88	11	14	5	4	23	18	25	32	51	54	61	60	47	42	33	40	155	158	149	148	135	130	137	144	163	166	173	172	191	186	177	184	235	238	229	228	247	242	249	256	211	214	221	220	207	202	193	200
1	9	17	25	33	41	49	57	65	73	81	89	97	105	113	121	129	137	145	153	161	169	177	185	193	201	209	217	225	233	241	249	30	22	14	6	62	54	46	38	94	86	78	70	126	118	110	102	158	150	142	134	190	182	174	166	222	214	206	198	254	246	238	230	59	51	43	35	27	19	11	3	123	115	107	99	91	83	75	67	187	179	171	163	155	147	139	131	251	243	235	227	219	211	203	195	40	48	56	64	8	16	24	32	104	112	120	128	72	80	88	96	168	176	184	192	136	144	152	160	232	240	248	256	200	208	216	224	117	125	101	109	85	93	69	77	53	61	37	45	21	29	5	13	245	253	229	237	213	221	197	205	181	189	165	173	149	157	133	141	106	98	122	114	74	66	90	82	42	34	58	50	10	2	26	18	234	226	250	242	202	194	218	210	170	162	186	178	138	130	154	146	79	71	95	87	111	103	127	119	15	7	31	23	47	39	63	55	207	199	223	215	239	231	255	247	143	135	159	151	175	167	191	183	84	92	68	76	116	124	100	108	20	28	4	12	52	60	36	44	212	220	196	204	244	252	228	236	148	156	132	140	180	188	164	172
1	10	19	28	37	46	55	64	73	66	91	84	109	102	127	120	145	154	131	140	181	190	167	176	217	210	203	196	253	246	239	232	62	53	48	39	26	17	12	3	118	125	104	111	82	89	68	75	174	165	192	183	138	129	156	147	230	237	248	255	194	201	212	219	123	116	105	98	95	88	77	70	51	60	33	42	23	32	5	14	235	228	249	242	207	200	221	214	163	172	177	186	135	144	149	158	72	79	86	93	100	107	114	121	16	7	30	21	44	35	58	49	216	223	198	205	244	251	226	233	160	151	142	133	188	179	170	161	245	254	231	240	209	218	195	204	189	182	175	168	153	146	139	132	101	110	119	128	65	74	83	92	45	38	63	56	9	2	27	20	202	193	220	211	238	229	256	247	130	137	148	155	166	173	184	191	90	81	76	67	126	117	112	103	18	25	4	11	54	61	40	47	143	136	157	150	171	164	185	178	199	208	213	222	227	236	241	250	31	24	13	6	59	52	41	34	87	96	69	78	115	124	97	106	180	187	162	169	152	159	134	141	252	243	234	225	224	215	206	197	36	43	50	57	8	15	22	29	108	99	122	113	80	71	94	85
1	11	21	31	41	35	61	55	81	91	69	79	121	115	109	103	161	171	181	191	137	131	157	151	241	251	229	239	217	211	205	199	94	88	74	68	118	128	98	108	14	8	26	20	38	48	50	60	254	248	234	228	214	224	194	204	174	168	186	180	134	144	146	156	187	177	175	165	147	153	135	141	235	225	255	245	195	201	215	221	27	17	15	5	51	57	39	45	75	65	95	85	99	105	119	125	232	238	244	250	208	198	220	210	184	190	164	170	160	150	140	130	72	78	84	90	112	102	124	114	24	30	4	10	64	54	44	34	106	100	126	120	66	76	86	96	58	52	46	40	18	28	6	16	202	196	222	216	226	236	246	256	154	148	142	136	178	188	166	176	53	63	33	43	29	23	9	3	101	111	113	123	77	71	89	83	149	159	129	139	189	183	169	163	197	207	209	219	237	231	249	243	212	218	200	206	252	242	240	230	132	138	152	158	172	162	192	182	116	122	104	110	92	82	80	70	36	42	56	62	12	2	32	22	143	133	155	145	167	173	179	185	223	213	203	193	247	253	227	233	47	37	59	49	7	13	19	25	127	117	107	97	87	93	67	73
1	12	23	30	45	40	59	50	89	84	79	70	117	128	99	106	177	188	167	174	157	152	139	130	233	228	255	246	197	208	211	218	126	119	108	97	82	91	72	77	38	47	52	57	10	3	32	21	206	199	220	209	226	235	248	253	150	159	132	137	186	179	176	165	251	242	237	232	215	222	193	204	163	170	181	192	143	134	153	148	75	66	93	88	103	110	113	124	19	26	5	16	63	54	41	36	136	141	146	155	172	161	190	183	224	213	202	195	244	249	230	239	56	61	34	43	28	17	14	7	112	101	122	115	68	73	86	95	234	227	256	245	198	207	212	217	178	187	168	173	158	151	140	129	90	83	80	69	118	127	100	105	2	11	24	29	46	39	60	49	149	160	131	138	185	180	175	166	205	200	219	210	225	236	247	254	37	48	51	58	9	4	31	22	125	120	107	98	81	92	71	78	20	25	6	15	64	53	42	35	76	65	94	87	104	109	114	123	164	169	182	191	144	133	154	147	252	241	238	231	216	221	194	203	111	102	121	116	67	74	85	96	55	62	33	44	27	18	13	8	223	214	201	196	243	250	229	240	135	142	145	156	171	162	189	184
1	13	25	21	49	61	41	37	97	109	121	117	81	93	73	69	193	205	217	213	241	253	233	229	161	173	185	181	145	157	137	133	158	146	134	138	174	162	182	186	254	242	230	234	206	194	214	218	94	82	70	74	110	98	118	122	62	50	38	42	14	2	22	26	40	44	64	52	24	28	16	4	72	76	96	84	120	124	112	100	232	236	256	244	216	220	208	196	136	140	160	148	184	188	176	164	187	183	163	175	139	135	147	159	219	215	195	207	235	231	243	255	123	119	99	111	75	71	83	95	27	23	3	15	43	39	51	63	79	67	87	91	127	115	103	107	47	35	55	59	31	19	7	11	143	131	151	155	191	179	167	171	239	227	247	251	223	211	199	203	212	224	204	200	228	240	252	248	180	192	172	168	132	144	156	152	20	32	12	8	36	48	60	56	116	128	108	104	68	80	92	88	106	102	114	126	90	86	66	78	10	6	18	30	58	54	34	46	170	166	178	190	154	150	130	142	202	198	210	222	250	246	226	238	245	249	237	225	197	201	221	209	149	153	141	129	165	169	189	177	53	57	45	33	5	9	29	17	85	89	77	65	101	105	125	113
1	14	27	24	53	58	47	36	105	102	115	128	93	82	71	76	209	222	203	200	229	234	255	244	185	182	163	176	141	130	151	156	190	177	168	171	138	133	148	159	214	217	208	195	226	237	252	247	110	97	120	123	90	85	68	79	6	9	32	19	50	61	44	39	104	107	126	113	84	95	74	69	16	3	22	25	60	55	34	45	184	187	174	161	132	143	154	149	224	211	198	201	236	231	242	253	219	216	193	206	239	228	245	250	179	192	169	166	135	140	157	146	11	8	17	30	63	52	37	42	99	112	121	118	87	92	77	66	207	196	213	218	251	248	225	238	167	172	189	178	147	160	137	134	31	20	5	10	43	40	49	62	119	124	109	98	67	80	89	86	116	127	106	101	72	75	94	81	28	23	2	13	48	35	54	57	164	175	186	181	152	155	142	129	204	199	210	221	256	243	230	233	170	165	180	191	158	145	136	139	194	205	220	215	246	249	240	227	122	117	100	111	78	65	88	91	18	29	12	7	38	41	64	51	21	26	15	4	33	46	59	56	125	114	103	108	73	70	83	96	197	202	223	212	241	254	235	232	173	162	183	188	153	150	131	144
1	15	29	19	57	55	37	43	113	127	109	99	73	71	85	91	225	239	253	243	217	215	197	203	145	159	141	131	169	167	181	187	222	212	194	208	230	236	250	248	174	164	178	192	150	156	138	136	62	52	34	48	6	12	26	24	78	68	82	96	118	124	106	104	168	170	188	182	160	146	132	142	216	218	204	198	240	226	244	254	72	74	92	86	128	114	100	110	56	58	44	38	16	2	20	30	123	117	103	105	67	77	95	81	11	5	23	25	51	61	47	33	155	149	135	137	163	173	191	177	235	229	247	249	211	221	207	193	84	94	80	66	108	102	120	122	36	46	64	50	28	22	8	10	180	190	176	162	140	134	152	154	196	206	224	210	252	246	232	234	143	129	147	157	183	185	171	165	255	241	227	237	199	201	219	213	111	97	115	125	87	89	75	69	31	17	3	13	39	41	59	53	245	251	233	231	205	195	209	223	133	139	153	151	189	179	161	175	21	27	9	7	45	35	49	63	101	107	121	119	93	83	65	79	42	40	54	60	18	32	14	4	90	88	70	76	98	112	126	116	202	200	214	220	242	256	238	228	186	184	166	172	130	144	158	148
1	16	31	18	61	52	35	46	121	120	103	106	69	76	91	86	241	256	239	226	205	196	211	222	137	136	151	154	181	188	171	166	254	243	228	237	194	207	224	209	134	139	156	149	186	183	168	169	14	3	20	29	50	63	48	33	118	123	108	101	74	71	88	89	232	233	250	247	220	213	198	203	160	145	130	143	164	173	190	179	24	25	10	7	44	37	54	59	112	97	114	127	84	93	78	67	27	22	5	12	39	42	57	56	99	110	125	116	95	82	65	80	235	230	245	252	215	218	201	200	147	158	141	132	175	162	177	192	212	221	206	195	240	225	242	255	172	165	182	187	152	153	138	135	36	45	62	51	32	17	2	15	92	85	70	75	104	105	122	119	47	34	49	64	19	30	13	4	87	90	73	72	107	102	117	124	223	210	193	208	227	238	253	244	167	170	185	184	155	150	133	140	53	60	43	38	9	8	23	26	77	68	83	94	113	128	111	98	197	204	219	214	249	248	231	234	189	180	163	174	129	144	159	146	202	199	216	217	246	251	236	229	178	191	176	161	142	131	148	157	58	55	40	41	6	11	28	21	66	79	96	81	126	115	100	109
1	17	33	49	65	81	97	113	129	145	161	177	193	209	225	241	30	14	62	46	94	78	126	110	158	142	190	174	222	206	254	238	59	43	27	11	123	107	91	75	187	171	155	139	251	235	219	203	40	56	8	24	104	120	72	88	168	184	136	152	232	248	200	216	117	101	85	69	53	37	21	5	245	229	213	197	181	165	149	133	106	122	74	90	42	58	10	26	234	250	202	218	170	186	138	154	79	95	111	127	15	31	47	63	207	223	239	255	143	159	175	191	84	68	116	100	20	4	52	36	212	196	244	228	148	132	180	164	233	249	201	217	169	185	137	153	105	121	73	89	41	57	9	25	246	230	214	198	182	166	150	134	118	102	86	70	54	38	22	6	211	195	243	227	147	131	179	163	83	67	115	99	19	3	51	35	208	224	240	256	144	160	176	192	80	96	112	128	16	32	48	64	157	141	189	173	221	205	253	237	29	13	61	45	93	77	125	109	130	146	162	178	194	210	226	242	2	18	34	50	66	82	98	114	167	183	135	151	231	247	199	215	39	55	7	23	103	119	71	87	188	172	156	140	252	236	220	204	60	44	28	12	124	108	92	76
1	18	35	52	69	86	103	120	137	154	171	188	205	222	239	256	14	29	48	63	74	89	108	123	134	149	168	183	194	209	228	243	27	12	57	42	95	80	125	110	147	132	177	162	215	200	245	230	24	7	54	37	84	67	114	97	160	143	190	173	220	203	250	233	53	38	23	8	113	98	83	68	189	174	159	144	249	234	219	204	58	41	28	11	126	109	96	79	178	161	148	131	246	229	216	199	47	64	13	30	107	124	73	90	167	184	133	150	227	244	193	210	36	51	2	17	104	119	70	85	172	187	138	153	240	255	206	221	105	122	75	92	45	62	15	32	225	242	195	212	165	182	135	152	102	117	72	87	34	49	4	19	238	253	208	223	170	185	140	155	115	100	81	66	55	40	21	6	251	236	217	202	191	176	157	142	128	111	94	77	60	43	26	9	248	231	214	197	180	163	146	129	93	78	127	112	25	10	59	44	213	198	247	232	145	130	179	164	82	65	116	99	22	5	56	39	218	201	252	235	158	141	192	175	71	88	101	118	3	20	33	50	207	224	237	254	139	156	169	186	76	91	106	121	16	31	46	61	196	211	226	241	136	151	166	181
1	19	37	55	73	91	109	127	145	131	181	167	217	203	253	239	62	48	26	12	118	104	82	68	174	192	138	156	230	248	194	212	123	105	95	77	51	33	23	5	235	249	207	221	163	177	135	149	72	86	100	114	16	30	44	58	216	198	244	226	160	142	188	170	245	231	209	195	189	175	153	139	101	119	65	83	45	63	9	27	202	220	238	256	130	148	166	184	90	76	126	112	18	4	54	40	143	157	171	185	199	213	227	241	31	13	59	41	87	69	115	97	180	162	152	134	252	234	224	206	36	50	8	22	108	122	80	94	246	232	210	196	190	176	154	140	102	120	66	84	46	64	10	28	201	219	237	255	129	147	165	183	89	75	125	111	17	3	53	39	144	158	172	186	200	214	228	242	32	14	60	42	88	70	116	98	179	161	151	133	251	233	223	205	35	49	7	21	107	121	79	93	2	20	38	56	74	92	110	128	146	132	182	168	218	204	254	240	61	47	25	11	117	103	81	67	173	191	137	155	229	247	193	211	124	106	96	78	52	34	24	6	236	250	208	222	164	178	136	150	71	85	99	113	15	29	43	57	215	197	243	225	159	141	187	169
1	20	39	54	77	96	107	122	153	140	191	174	213	200	243	226	46	63	12	25	98	115	72	85	182	167	148	129	250	235	224	205	91	74	125	112	23	6	49	36	195	210	229	248	143	158	169	188	120	101	82	67	60	41	30	15	240	253	202	219	164	177	134	151	181	168	147	130	249	236	223	206	45	64	11	26	97	116	71	86	154	139	192	173	214	199	244	225	2	19	40	53	78	95	108	121	239	254	201	220	163	178	133	152	119	102	81	68	59	42	29	16	196	209	230	247	144	157	170	187	92	73	126	111	24	5	50	35	118	103	84	65	58	43	32	13	238	255	204	217	162	179	136	149	89	76	127	110	21	8	51	34	193	212	231	246	141	160	171	186	48	61	10	27	100	113	70	87	184	165	146	131	252	233	222	207	3	18	37	56	79	94	105	124	155	138	189	176	215	198	241	228	194	211	232	245	142	159	172	185	90	75	128	109	22	7	52	33	237	256	203	218	161	180	135	150	117	104	83	66	57	44	31	14	156	137	190	175	216	197	242	227	4	17	38	55	80	93	106	123	183	166	145	132	251	234	221	208	47	62	9	28	99	114	69	88
1	21	41	61	81	69	121	109	161	181	137	157	241	229	217	205	94	74	118	98	14	26	38	50	254	234	214	194	174	186	134	146	187	175	147	135	235	255	195	215	27	15	51	39	75	95	99	119	232	244	208	220	184	164	160	140	72	84	112	124	24	4	64	44	106	126	66	86	58	46	18	6	202	222	226	246	154	142	178	166	53	33	29	9	101	113	77	89	149	129	189	169	197	209	237	249	212	200	252	240	132	152	172	192	116	104	92	80	36	56	12	32	143	155	167	179	223	203	247	227	47	59	7	19	127	107	87	67	211	199	251	239	131	151	171	191	115	103	91	79	35	55	11	31	144	156	168	180	224	204	248	228	48	60	8	20	128	108	88	68	105	125	65	85	57	45	17	5	201	221	225	245	153	141	177	165	54	34	30	10	102	114	78	90	150	130	190	170	198	210	238	250	188	176	148	136	236	256	196	216	28	16	52	40	76	96	100	120	231	243	207	219	183	163	159	139	71	83	111	123	23	3	63	43	2	22	42	62	82	70	122	110	162	182	138	158	242	230	218	206	93	73	117	97	13	25	37	49	253	233	213	193	173	185	133	145
1	22	43	64	85	66	127	108	169	190	131	152	253	234	215	196	78	89	104	115	26	13	52	39	230	241	208	219	178	165	156	143	155	144	177	166	207	220	229	242	51	40	25	14	103	116	77	90	216	195	254	233	132	151	170	189	128	107	86	65	44	63	2	21	42	61	4	23	126	105	88	67	130	149	172	191	214	193	256	235	101	114	79	92	49	38	27	16	205	218	231	244	153	142	179	168	180	167	154	141	232	243	206	217	28	15	50	37	80	91	102	113	255	236	213	194	171	192	129	150	87	68	125	106	3	24	41	62	83	72	121	110	7	20	45	58	251	240	209	198	175	188	133	146	32	11	54	33	76	95	98	117	184	163	158	137	228	247	202	221	201	222	227	248	157	138	183	164	97	118	75	96	53	34	31	12	134	145	176	187	210	197	252	239	46	57	8	19	122	109	84	71	124	111	82	69	48	59	6	17	212	199	250	237	136	147	174	185	55	36	29	10	99	120	73	94	159	140	181	162	203	224	225	246	226	245	204	223	182	161	160	139	74	93	100	119	30	9	56	35	173	186	135	148	249	238	211	200	5	18	47	60	81	70	123	112
1	23	45	59	89	79	117	99	177	167	157	139	233	255	197	211	126	108	82	72	38	52	10	32	206	220	226	248	150	132	186	176	251	237	215	193	163	181	143	153	75	93	103	113	19	5	63	41	136	146	172	190	224	202	244	230	56	34	28	14	112	122	68	86	234	256	198	212	178	168	158	140	90	80	118	100	2	24	46	60	149	131	185	175	205	219	225	247	37	51	9	31	125	107	81	71	20	6	64	42	76	94	104	114	164	182	144	154	252	238	216	194	111	121	67	85	55	33	27	13	223	201	243	229	135	145	171	189	208	218	228	246	152	130	188	174	128	106	84	70	40	50	12	30	179	165	159	137	235	253	199	209	3	21	47	57	91	77	119	97	54	36	26	16	110	124	66	88	134	148	170	192	222	204	242	232	73	95	101	115	17	7	61	43	249	239	213	195	161	183	141	155	39	49	11	29	127	105	83	69	151	129	187	173	207	217	227	245	92	78	120	98	4	22	48	58	236	254	200	210	180	166	160	138	221	203	241	231	133	147	169	191	109	123	65	87	53	35	25	15	162	184	142	156	250	240	214	196	18	8	62	44	74	96	102	116
1	24	47	58	93	76	115	102	185	176	151	130	229	244	203	222	110	123	68	85	50	39	32	9	214	195	252	237	138	159	168	177	219	206	245	228	135	146	169	192	99	118	77	92	63	42	17	8	184	161	154	143	236	253	198	211	16	25	34	55	84	69	126	107	170	191	136	145	246	227	220	205	18	7	64	41	78	91	100	117	197	212	235	254	153	144	183	162	125	108	83	70	33	56	15	26	116	101	94	75	48	57	2	23	204	221	230	243	152	129	186	175	31	10	49	40	67	86	109	124	167	178	137	160	251	238	213	196	80	89	98	119	20	5	62	43	248	225	218	207	172	189	134	147	35	54	13	28	127	106	81	72	155	142	181	164	199	210	233	256	150	131	188	173	202	223	232	241	46	59	4	21	114	103	96	73	249	240	215	194	165	180	139	158	65	88	111	122	29	12	51	38	231	242	201	224	187	174	149	132	95	74	113	104	3	22	45	60	140	157	166	179	216	193	250	239	52	37	30	11	112	121	66	87	61	44	19	6	97	120	79	90	133	148	171	190	217	208	247	226	82	71	128	105	14	27	36	53	234	255	200	209	182	163	156	141
1	25	49	41	97	121	81	73	193	217	241	233	161	185	145	137	158	134	174	182	254	230	206	214	94	70	110	118	62	38	14	22	40	64	24	16	72	96	120	112	232	256	216	208	136	160	184	176	187	163	139	147	219	195	235	243	123	99	75	83	27	3	43	51	79	87	127	103	47	55	31	7	143	151	191	167	239	247	223	199	212	204	228	252	180	172	132	156	20	12	36	60	116	108	68	92	106	114	90	66	10	18	58	34	170	178	154	130	202	210	250	226	245	237	197	221	149	141	165	189	53	45	5	29	85	77	101	125	157	133	173	181	253	229	205	213	93	69	109	117	61	37	13	21	2	26	50	42	98	122	82	74	194	218	242	234	162	186	146	138	188	164	140	148	220	196	236	244	124	100	76	84	28	4	44	52	39	63	23	15	71	95	119	111	231	255	215	207	135	159	183	175	211	203	227	251	179	171	131	155	19	11	35	59	115	107	67	91	80	88	128	104	48	56	32	8	144	152	192	168	240	248	224	200	246	238	198	222	150	142	166	190	54	46	6	30	86	78	102	126	105	113	89	65	9	17	57	33	169	177	153	129	201	209	249	225
1	26	51	44	101	126	87	80	201	210	251	228	173	182	159	136	142	149	192	167	234	241	220	195	70	93	120	111	34	57	20	11	8	31	54	45	100	123	82	73	208	215	254	229	172	179	154	129	139	148	185	162	239	248	221	198	67	92	113	106	39	64	21	14	15	24	61	38	107	116	89	66	199	224	245	238	163	188	145	138	132	155	178	169	232	255	214	205	76	83	122	97	48	55	30	5	10	17	60	35	110	117	96	71	194	217	244	235	166	189	152	143	133	158	183	176	225	250	211	204	77	86	127	104	41	50	27	4	29	6	47	56	121	98	75	84	213	206	231	256	177	170	131	156	146	137	164	187	246	237	200	223	90	65	108	115	62	37	16	23	28	3	42	49	128	103	78	85	212	203	226	249	184	175	134	157	151	144	165	190	243	236	193	218	95	72	109	118	59	36	9	18	19	12	33	58	119	112	69	94	219	196	233	242	191	168	141	150	160	135	174	181	252	227	202	209	88	79	102	125	52	43	2	25	22	13	40	63	114	105	68	91	222	197	240	247	186	161	140	147	153	130	171	180	253	230	207	216	81	74	99	124	53	46	7	32
1	27	53	47	105	115	93	71	209	203	229	255	185	163	141	151	190	168	138	148	214	208	226	252	110	120	90	68	6	32	50	44	104	126	84	74	16	22	60	34	184	174	132	154	224	198	236	242	219	193	239	245	179	169	135	157	11	17	63	37	99	121	87	77	207	213	251	225	167	189	147	137	31	5	43	49	119	109	67	89	116	106	72	94	28	2	48	54	164	186	152	142	204	210	256	230	170	180	158	136	194	220	246	240	122	100	78	88	18	12	38	64	21	15	33	59	125	103	73	83	197	223	241	235	173	183	153	131	130	156	182	176	234	244	222	200	82	76	102	128	58	36	14	24	61	39	9	19	85	79	97	123	237	247	217	195	133	159	177	171	231	253	211	201	143	149	187	161	55	45	3	25	95	69	107	113	92	66	112	118	52	42	8	30	140	146	192	166	228	250	216	206	80	86	124	98	40	62	20	10	160	134	172	178	248	238	196	218	243	233	199	221	155	129	175	181	35	57	23	13	75	81	127	101	41	51	29	7	65	91	117	111	249	227	205	215	145	139	165	191	150	144	162	188	254	232	202	212	70	96	114	108	46	56	26	4
1	28	55	46	109	120	91	66	217	196	239	246	181	176	131	154	174	183	156	129	194	219	248	237	118	111	68	89	26	3	48	53	72	93	114	107	44	49	30	7	160	133	170	179	244	233	198	223	235	242	221	200	135	158	177	172	51	42	5	32	95	70	105	116	143	150	185	164	227	250	213	208	87	78	97	124	59	34	13	24	36	57	22	15	80	85	122	99	252	225	206	215	152	141	162	187	202	211	256	229	166	191	148	137	18	11	40	61	126	103	76	81	101	128	83	74	9	20	63	38	189	168	139	146	209	204	231	254	2	27	56	45	110	119	92	65	218	195	240	245	182	175	132	153	173	184	155	130	193	220	247	238	117	112	67	90	25	4	47	54	71	94	113	108	43	50	29	8	159	134	169	180	243	234	197	224	236	241	222	199	136	157	178	171	52	41	6	31	96	69	106	115	144	149	186	163	228	249	214	207	88	77	98	123	60	33	14	23	35	58	21	16	79	86	121	100	251	226	205	216	151	142	161	188	201	212	255	230	165	192	147	138	17	12	39	62	125	104	75	82	102	127	84	73	10	19	64	37	190	167	140	145	210	203	232	253
1	29	57	37	113	109	73	85	225	253	217	197	145	141	169	181	222	194	230	250	174	178	150	138	62	34	6	26	78	82	118	106	168	188	160	132	216	204	240	244	72	92	128	100	56	44	16	20	123	103	67	95	11	23	51	47	155	135	163	191	235	247	211	207	84	80	108	120	36	64	28	8	180	176	140	152	196	224	252	232	143	147	183	171	255	227	199	219	111	115	87	75	31	3	39	59	245	233	205	209	133	153	189	161	21	9	45	49	101	121	93	65	42	54	18	14	90	70	98	126	202	214	242	238	186	166	130	158	167	187	159	131	215	203	239	243	71	91	127	99	55	43	15	19	124	104	68	96	12	24	52	48	156	136	164	192	236	248	212	208	2	30	58	38	114	110	74	86	226	254	218	198	146	142	170	182	221	193	229	249	173	177	149	137	61	33	5	25	77	81	117	105	246	234	206	210	134	154	190	162	22	10	46	50	102	122	94	66	41	53	17	13	89	69	97	125	201	213	241	237	185	165	129	157	83	79	107	119	35	63	27	7	179	175	139	151	195	223	251	231	144	148	184	172	256	228	200	220	112	116	88	76	32	4	40	60
1	30	59	40	117	106	79	84	233	246	211	208	157	130	167	188	206	209	248	235	186	165	132	159	38	57	32	3	82	77	108	119	136	155	190	161	244	239	202	213	112	115	86	73	28	7	34	61	75	88	113	110	63	36	5	26	163	192	153	134	215	204	237	242	20	15	42	53	104	123	94	65	252	231	194	221	144	147	182	169	223	196	229	250	171	184	145	142	55	44	13	18	67	96	121	102	149	138	175	180	225	254	219	200	125	98	71	92	9	22	51	48	90	69	100	127	46	49	24	11	178	173	140	151	198	217	256	227	39	60	29	2	83	80	105	118	207	212	245	234	187	168	129	158	236	247	210	205	160	131	166	185	4	31	58	37	120	107	78	81	162	189	156	135	214	201	240	243	74	85	116	111	62	33	8	27	109	114	87	76	25	6	35	64	133	154	191	164	241	238	203	216	54	41	16	19	66	93	124	103	222	193	232	251	170	181	148	143	249	230	195	224	141	146	183	172	17	14	43	56	101	122	95	68	179	176	137	150	199	220	253	226	91	72	97	126	47	52	21	10	128	99	70	89	12	23	50	45	152	139	174	177	228	255	218	197
1	31	61	35	121	103	69	91	241	239	205	211	137	151	181	171	254	228	194	224	134	156	186	168	14	20	50	48	118	108	74	88	232	250	220	198	160	130	164	190	24	10	44	54	112	114	84	78	27	5	39	57	99	125	95	65	235	245	215	201	147	141	175	177	212	206	240	242	172	182	152	138	36	62	32	2	92	70	104	122	47	49	19	13	87	73	107	117	223	193	227	253	167	185	155	133	53	43	9	23	77	83	113	111	197	219	249	231	189	163	129	159	202	216	246	236	178	176	142	148	58	40	6	28	66	96	126	100	188	166	136	154	196	222	256	226	76	86	120	106	52	46	16	18	71	89	123	101	63	33	3	29	183	169	139	149	207	209	243	237	93	67	97	127	37	59	25	7	173	179	145	143	213	203	233	247	162	192	158	132	218	200	230	252	82	80	110	116	42	56	22	12	105	119	85	75	17	15	45	51	153	135	165	187	225	255	221	195	150	140	170	184	238	244	210	208	102	124	90	72	30	4	34	64	144	146	180	174	248	234	204	214	128	98	68	94	8	26	60	38	115	109	79	81	11	21	55	41	131	157	191	161	251	229	199	217
1	32	63	34	125	100	67	94	249	232	199	218	133	156	187	166	238	243	212	205	146	143	176	177	22	11	44	53	106	119	88	73	200	217	250	231	188	165	134	155	64	33	2	31	68	93	126	99	43	54	21	12	87	74	105	120	211	206	237	244	175	178	145	144	148	141	174	179	240	241	210	207	108	117	86	75	24	9	42	55	127	98	65	96	3	30	61	36	135	154	185	168	251	230	197	220	85	76	107	118	41	56	23	10	173	180	147	142	209	208	239	242	186	167	136	153	198	219	252	229	66	95	128	97	62	35	4	29	60	37	6	27	72	89	122	103	196	221	254	227	192	161	130	159	215	202	233	248	171	182	149	140	47	50	17	16	83	78	109	116	253	228	195	222	129	160	191	162	5	28	59	38	121	104	71	90	18	15	48	49	110	115	84	77	234	247	216	201	150	139	172	181	169	184	151	138	213	204	235	246	81	80	111	114	45	52	19	14	70	91	124	101	58	39	8	25	190	163	132	157	194	223	256	225	112	113	82	79	20	13	46	51	152	137	170	183	236	245	214	203	131	158	189	164	255	226	193	224	123	102	69	92	7	26	57	40
1	33	65	97	129	161	193	225	30	62	94	126	158	190	222	254	59	27	123	91	187	155	251	219	40	8	104	72	168	136	232	200	117	85	53	21	245	213	181	149	106	74	42	10	234	202	170	138	79	111	15	47	207	239	143	175	84	116	20	52	212	244	148	180	233	201	169	137	105	73	41	9	246	214	182	150	118	86	54	22	211	243	147	179	83	115	19	51	208	240	144	176	80	112	16	48	157	189	221	253	29	61	93	125	130	162	194	226	2	34	66	98	167	135	231	199	39	7	103	71	188	156	252	220	60	28	124	92	206	238	142	174	78	110	14	46	209	241	145	177	81	113	17	49	248	216	184	152	120	88	56	24	235	203	171	139	107	75	43	11	186	154	250	218	58	26	122	90	165	133	229	197	37	5	101	69	132	164	196	228	4	36	68	100	159	191	223	255	31	63	95	127	38	6	102	70	166	134	230	198	57	25	121	89	185	153	249	217	32	64	96	128	160	192	224	256	3	35	67	99	131	163	195	227	82	114	18	50	210	242	146	178	77	109	13	45	205	237	141	173	108	76	44	12	236	204	172	140	119	87	55	23	247	215	183	151
1	34	67	100	133	166	199	232	22	53	88	119	146	177	212	243	43	12	105	74	175	144	237	206	64	31	126	93	188	155	250	217	85	118	23	56	209	242	147	180	66	97	4	35	198	229	136	167	127	96	61	30	251	220	185	154	108	75	42	9	240	207	174	141	169	138	235	204	45	14	111	80	190	157	256	223	58	25	124	91	131	164	193	226	7	40	69	102	152	183	214	245	20	51	82	113	253	222	191	160	121	90	59	28	234	201	172	139	110	77	48	15	215	248	149	182	83	116	17	50	196	227	130	161	72	103	6	37	78	109	16	47	202	233	140	171	89	122	27	60	221	254	159	192	104	71	38	5	228	195	162	129	115	84	49	18	247	216	181	150	26	57	92	123	158	189	224	255	13	46	79	112	137	170	203	236	52	19	114	81	184	151	246	213	39	8	101	70	163	132	225	194	230	197	168	135	98	65	36	3	241	210	179	148	117	86	55	24	208	239	142	173	76	107	10	41	219	252	153	186	95	128	29	62	178	145	244	211	54	21	120	87	165	134	231	200	33	2	99	68	156	187	218	249	32	63	94	125	143	176	205	238	11	44	73	106
1	35	69	103	137	171	205	239	14	48	74	108	134	168	194	228	27	57	95	125	147	177	215	245	24	54	84	114	160	190	220	250	53	23	113	83	189	159	249	219	58	28	126	96	178	148	246	216	47	13	107	73	167	133	227	193	36	2	104	70	172	138	240	206	105	75	45	15	225	195	165	135	102	72	34	4	238	208	170	140	115	81	55	21	251	217	191	157	128	94	60	26	248	214	180	146	93	127	25	59	213	247	145	179	82	116	22	56	218	252	158	192	71	101	3	33	207	237	139	169	76	106	16	46	196	226	136	166	209	243	149	183	89	123	29	63	222	256	154	188	86	120	18	52	203	233	143	173	67	97	7	37	200	230	132	162	80	110	12	42	229	199	161	131	109	79	41	11	234	204	174	144	98	68	38	8	255	221	187	153	119	85	51	17	244	210	184	150	124	90	64	30	185	155	253	223	49	19	117	87	182	152	242	212	62	32	122	92	163	129	231	197	43	9	111	77	176	142	236	202	40	6	100	66	141	175	201	235	5	39	65	99	130	164	198	232	10	44	78	112	151	181	211	241	31	61	91	121	156	186	224	254	20	50	88	118
1	36	71	102	141	176	203	234	6	39	68	97	138	171	208	237	11	42	77	112	135	166	193	228	16	45	74	107	132	161	198	231	21	56	83	114	153	188	223	254	18	51	88	117	158	191	220	249	31	62	89	124	147	178	213	248	28	57	94	127	152	181	210	243	41	12	111	78	165	136	227	194	46	15	108	73	162	131	232	197	35	2	101	72	175	142	233	204	40	5	98	67	172	137	238	207	61	32	123	90	177	148	247	214	58	27	128	93	182	151	244	209	55	22	113	84	187	154	253	224	52	17	118	87	192	157	250	219	81	116	23	54	221	256	155	186	86	119	20	49	218	251	160	189	91	122	29	64	215	246	145	180	96	125	26	59	212	241	150	183	69	104	3	34	201	236	143	174	66	99	8	37	206	239	140	169	79	110	9	44	195	226	133	168	76	105	14	47	200	229	130	163	121	92	63	30	245	216	179	146	126	95	60	25	242	211	184	149	115	82	53	24	255	222	185	156	120	85	50	19	252	217	190	159	109	80	43	10	225	196	167	134	106	75	48	13	230	199	164	129	103	70	33	4	235	202	173	144	100	65	38	7	240	205	170	139
1	37	73	109	145	181	217	253	62	26	118	82	174	138	230	194	123	95	51	23	235	207	163	135	72	100	16	44	216	244	160	188	245	209	189	153	101	65	45	9	202	238	130	166	90	126	18	54	143	171	199	227	31	59	87	115	180	152	252	224	36	8	108	80	246	210	190	154	102	66	46	10	201	237	129	165	89	125	17	53	144	172	200	228	32	60	88	116	179	151	251	223	35	7	107	79	2	38	74	110	146	182	218	254	61	25	117	81	173	137	229	193	124	96	52	24	236	208	164	136	71	99	15	43	215	243	159	187	248	212	192	156	104	68	48	12	203	239	131	167	91	127	19	55	142	170	198	226	30	58	86	114	177	149	249	221	33	5	105	77	4	40	76	112	148	184	220	256	63	27	119	83	175	139	231	195	122	94	50	22	234	206	162	134	69	97	13	41	213	241	157	185	3	39	75	111	147	183	219	255	64	28	120	84	176	140	232	196	121	93	49	21	233	205	161	133	70	98	14	42	214	242	158	186	247	211	191	155	103	67	47	11	204	240	132	168	92	128	20	56	141	169	197	225	29	57	85	113	178	150	250	222	34	6	106	78
1	38	75	112	149	178	223	252	54	17	128	91	162	133	236	207	107	80	33	6	255	220	181	146	96	123	22	49	204	239	130	165	213	242	159	188	65	102	11	48	226	197	172	143	118	81	64	27	191	156	245	210	43	16	97	70	140	175	194	229	32	59	86	113	182	145	256	219	34	5	108	79	129	166	203	240	21	50	95	124	224	251	150	177	76	111	2	37	235	208	161	134	127	92	53	18	98	69	44	15	246	209	192	155	85	114	31	60	193	230	139	176	12	47	66	101	160	187	214	241	63	28	117	82	171	144	225	198	120	83	62	25	228	199	170	141	67	104	9	46	215	244	157	186	30	57	88	115	138	173	196	231	41	14	99	72	189	154	247	212	164	135	234	205	56	19	126	89	151	180	221	250	3	40	73	110	202	237	132	167	94	121	24	51	253	218	183	148	105	78	35	8	195	232	137	174	87	116	29	58	248	211	190	153	100	71	42	13	169	142	227	200	61	26	119	84	158	185	216	243	10	45	68	103	23	52	93	122	131	168	201	238	36	7	106	77	184	147	254	217	125	90	55	20	233	206	163	136	74	109	4	39	222	249	152	179
1	39	77	107	153	191	213	243	46	12	98	72	182	148	250	224	91	125	23	49	195	229	143	169	120	82	60	30	240	202	164	134	181	147	249	223	45	11	97	71	154	192	214	244	2	40	78	108	239	201	163	133	119	81	59	29	196	230	144	170	92	126	24	50	118	84	58	32	238	204	162	136	89	127	21	51	193	231	141	171	48	10	100	70	184	146	252	222	3	37	79	105	155	189	215	241	194	232	142	172	90	128	22	52	237	203	161	135	117	83	57	31	156	190	216	242	4	38	80	106	183	145	251	221	47	9	99	69	235	205	167	129	115	85	63	25	200	226	140	174	96	122	20	54	177	151	253	219	41	15	101	67	158	188	210	248	6	36	74	112	95	121	19	53	199	225	139	173	116	86	64	26	236	206	168	130	5	35	73	111	157	187	209	247	42	16	102	68	178	152	254	220	160	186	212	246	8	34	76	110	179	149	255	217	43	13	103	65	198	228	138	176	94	124	18	56	233	207	165	131	113	87	61	27	44	14	104	66	180	150	256	218	7	33	75	109	159	185	211	245	114	88	62	28	234	208	166	132	93	123	17	55	197	227	137	175
1	40	79	106	157	188	211	246	38	3	108	77	186	159	248	209	75	110	5	36	215	242	153	192	112	73	34	7	244	213	190	155	149	180	219	254	9	48	71	98	178	151	256	217	46	11	100	69	223	250	145	184	67	102	13	44	252	221	182	147	104	65	42	15	54	19	124	93	170	143	232	193	17	56	95	122	141	172	195	230	128	89	50	23	228	197	174	139	91	126	21	52	199	226	137	176	162	135	240	201	62	27	116	85	133	164	203	238	25	64	87	114	236	205	166	131	120	81	58	31	207	234	129	168	83	118	29	60	107	78	37	4	247	210	185	160	80	105	2	39	212	245	158	187	33	8	111	74	189	156	243	214	6	35	76	109	154	191	216	241	255	218	177	152	99	70	45	12	220	253	150	179	72	97	10	47	181	148	251	222	41	16	103	66	146	183	224	249	14	43	68	101	96	121	18	55	196	229	142	171	123	94	53	20	231	194	169	144	22	51	92	125	138	175	200	225	49	24	127	90	173	140	227	198	204	237	134	163	88	113	26	63	239	202	161	136	115	86	61	28	130	167	208	233	30	59	84	117	165	132	235	206	57	32	119	82
1	41	81	121	161	137	241	217	94	118	14	38	254	214	174	134	187	147	235	195	27	51	75	99	232	208	184	160	72	112	24	64	106	66	58	18	202	226	154	178	53	29	101	77	149	189	197	237	212	252	132	172	116	92	36	12	143	167	223	247	47	7	127	87	211	251	131	171	115	91	35	11	144	168	224	248	48	8	128	88	105	65	57	17	201	225	153	177	54	30	102	78	150	190	198	238	188	148	236	196	28	52	76	100	231	207	183	159	71	111	23	63	2	42	82	122	162	138	242	218	93	117	13	37	253	213	173	133	186	146	234	194	26	50	74	98	229	205	181	157	69	109	21	61	4	44	84	124	164	140	244	220	95	119	15	39	255	215	175	135	209	249	129	169	113	89	33	9	142	166	222	246	46	6	126	86	107	67	59	19	203	227	155	179	56	32	104	80	152	192	200	240	108	68	60	20	204	228	156	180	55	31	103	79	151	191	199	239	210	250	130	170	114	90	34	10	141	165	221	245	45	5	125	85	3	43	83	123	163	139	243	219	96	120	16	40	256	216	176	136	185	145	233	193	25	49	73	97	230	206	182	158	70	110	22	62
1	42	83	124	165	142	247	224	86	125	8	47	242	217	164	139	171	132	249	210	15	40	93	118	256	215	174	133	92	115	10	33	74	97	28	51	238	197	192	151	29	54	79	104	185	146	235	196	228	203	178	153	72	111	22	61	183	160	229	206	19	60	65	106	147	188	193	234	55	32	101	78	200	239	150	189	100	75	50	25	57	18	107	68	157	182	207	232	110	69	64	23	202	225	156	179	220	243	138	161	128	87	46	5	143	168	221	246	43	4	121	82	114	89	36	11	214	253	136	175	37	14	119	96	129	170	211	252	58	17	108	67	158	181	208	231	109	70	63	24	201	226	155	180	148	187	194	233	56	31	102	77	199	240	149	190	99	76	49	26	113	90	35	12	213	254	135	176	38	13	120	95	130	169	212	251	219	244	137	162	127	88	45	6	144	167	222	245	44	3	122	81	172	131	250	209	16	39	94	117	255	216	173	134	91	116	9	34	2	41	84	123	166	141	248	223	85	126	7	48	241	218	163	140	227	204	177	154	71	112	21	62	184	159	230	205	20	59	66	105	73	98	27	52	237	198	191	152	30	53	80	103	186	145	236	195
1	43	85	127	169	131	253	215	78	104	26	52	230	208	178	156	155	177	207	229	51	25	103	77	216	254	132	170	128	86	44	2	42	4	126	88	130	172	214	256	101	79	49	27	205	231	153	179	180	154	232	206	28	50	80	102	255	213	171	129	87	125	3	41	83	121	7	45	251	209	175	133	32	54	76	98	184	158	228	202	201	227	157	183	97	75	53	31	134	176	210	252	46	8	122	84	124	82	48	6	212	250	136	174	55	29	99	73	159	181	203	225	226	204	182	160	74	100	30	56	173	135	249	211	5	47	81	123	165	143	241	219	13	39	89	115	234	196	190	152	66	108	22	64	63	21	107	65	151	189	195	233	116	90	40	14	220	242	144	166	142	168	218	244	38	16	114	92	193	235	149	191	105	67	61	23	24	62	68	106	192	150	236	194	91	113	15	37	243	217	167	141	247	221	163	137	95	117	11	33	188	146	240	198	20	58	72	110	109	71	57	19	197	239	145	187	34	12	118	96	138	164	222	248	224	246	140	162	120	94	36	10	147	185	199	237	59	17	111	69	70	112	18	60	238	200	186	148	9	35	93	119	161	139	245	223
1	44	87	126	173	136	251	210	70	111	20	57	234	195	192	149	139	162	221	248	39	14	113	92	208	229	154	179	100	73	54	31	10	35	96	117	166	143	244	217	77	104	27	50	225	204	183	158	132	169	214	255	48	5	122	83	199	238	145	188	107	66	61	24	19	58	69	112	191	150	233	196	88	125	2	43	252	209	174	135	153	180	207	230	53	32	99	74	222	247	140	161	114	91	40	13	28	49	78	103	184	157	226	203	95	118	9	36	243	218	165	144	146	187	200	237	62	23	108	65	213	256	131	170	121	84	47	6	37	16	115	90	137	164	223	246	98	75	56	29	206	231	156	177	175	134	249	212	3	42	85	128	236	193	190	151	72	109	18	59	46	7	124	81	130	171	216	253	105	68	63	22	197	240	147	186	168	141	242	219	12	33	94	119	227	202	181	160	79	102	25	52	55	30	97	76	155	178	205	232	116	89	38	15	224	245	138	163	189	152	235	194	17	60	71	110	250	211	176	133	86	127	4	41	64	21	106	67	148	185	198	239	123	82	45	8	215	254	129	172	182	159	228	201	26	51	80	101	241	220	167	142	93	120	11	34
